sync_time: 1.1948907375335693
process_time: 0.775672197341919
thread_time: 1.2324573993682861